60 25
59 24 25
58 24 24 25
57 24 24 24 25
56 24 24 24 24 25
55 23 24 24 24 24 25
54 23 23 24 24 24 24 25
53 23 23 23 24 24 24 24 25
52 23 23 23 23 24 24 24 24
51 22 23 23 23 23 24 24 24 25
50 22 22 23 23 23 23 24 24 24
49 22 22 22 23 23 23 23 24 24 25
48 22 22 22 22 23 23 23 23 24 24
47 21 22 22 22 22 23 23 23 24 24 25
46 21 21 22 22 22 22 23 23 23 24 24
45 21 21 21 22 22 22 22 23 23 24 24 25
44 21 21 21 21 22 22 22 22 23 23 24 24
43 20 21 21 21 21 22 22 22 23 23 24 24
42 20 20 21 21 21 21 22 22 22 23 23 24 25
41 20 20 20 21 21 21 21 22 22 23 23 24 24
40 20 20 20 20 21 21 21 21 22 22 23 23 24 25
39 19 20 20 20 20 21 21 21 22 22 23 23 24 24
38 19 19 20 20 20 20 21 21 21 22 22 23 23 24
37 19 19 19 20 20 20 20 21 21 22 22 22 23 24
36 18 19 19 19 20 20 20 20 21 21 22 22 23 23
35 18 18 19 19 19 20 20 20 21 21 21 22 22 23
34 18 18 18 19 19 19 20 20 20 21 21 21 22 23
33 17 18 18 18 19 19 19 20 20 20 21 21 22 22
32 17 17 18 18 18 19 19 19 20 20 20 21 21 22
31 17 17 17 18 18 18 19 19 19 20 20 20 21 22
30 16 17 17 17 18 18 18 19 19 19 20 20 21 21
29 16 16 17 17 17 18 18 18 19 19 19 20 20 21
28 16 16 16 17 17 17 18 18 18 19 19 19 20 20
27 15 16 16 16 17 17 17 18 18 18 19 19 19 20
26 15 15 16 16 16 17 17 17 18 18 18 19 19 19
25 14 15 15 16 16 16 17 17 17 18 18 18 19 19
24 13 14 15 15 16 16 16 17 17 17 18 18 18 19
23 12 13 14 15 15 16 16 16 17 17 17 18 18 18
22 11 12 13 14 15 15 16 16 16 17 17 17 18 18
21 10 11 12 13 14 15 15 16 16 16 17 17 17 18
20 09 10 11 12 13 14 15 15 16 16 16 17 17 17
19 08 09 10 11 12 13 14 15 15 16 16 16 17 17
18 06 08 09 10 11 12 13 14 15 15 16 16 16 17
17 04 06 08 09 10 11 12 13 14 15 15 16 16 16
16 02 04 06 08 09 10 11 12 13 14 15 15 16 16
15 01 02 04 06 08 09 10 11 12 13 14 15 15 16
14 00 01 02 04 06 08 09 10 11 12 13 14 15 15
13 00 00 01 02 04 06 08 09 10 11 12 13 14 15
12 00 00 00 01 02 04 06 08 09 10 11 12 13 14
11 00 00 00 00 01 02 04 06 08 09 10 11 12 13
10 00 00 00 00 00 01 02 04 06 08 09 10 11 12
09 00 00 00 00 00 00 01 02 04 06 08 09 10 11
08 00 00 00 00 00 00 00 01 02 04 06 08 09 10
07 00 00 00 00 00 00 00 00 01 02 04 06 08 09
06 00 00 00 00 00 00 00 00 00 01 02 04 06 08
05 00 00 00 00 00 00 00 00 00 00 01 02 04 06
04 00 00 00 00 00 00 00 00 00 00 00 01 02 04
03 00 00 00 00 00 00 00 00 00 00 00 00 01 02
02 00 00 00 00 00 00 00 00 00 00 00 00 00 01
01 00 00 00 00 00 00 00 00 00 00 00 00 00 00