0510 50
0520 49 50
0530 48 49 50
0540 47 48 49
0550 46 47 48 50
0560 45 46 47 49 50
0570 44 45 46 48 49 50
0580 43 44 45 47 48 49 50
0590 42 43 44 46 47 48 49 50
0600 41 42 43 45 46 47 48 49 50
0610 40 41 42 44 45 46 47 48 49 50
0620 39 40 41 43 44 45 46 47 48 49 50
0630 38 39 40 42 43 44 45 46 47 48 49 50
0640 38 38 39 41 42 43 44 45 46 47 48 49 50
0650 37 38 38 40 41 42 43 44 45 46 47 48 49 50
0660 37 37 38 39 40 41 42 43 44 45 46 47 48 49
0670 36 37 37 38 39 40 41 42 43 44 45 46 47 48
0680 36 36 37 38 38 39 40 41 42 43 44 45 46 47
0690 35 36 36 37 38 38 39 40 41 42 43 44 45 46
0700 35 35 36 37 37 38 38 39 40 41 42 43 44 45
0710 34 35 35 36 37 37 38 38 39 40 41 42 43 44
0720 33 34 35 36 36 37 37 38 38 39 40 41 42 43
0730 32 33 34 35 36 36 37 37 38 38 39 40 41 42
0740 31 32 33 35 35 36 36 37 37 38 38 39 40 41
0750 30 31 32 34 35 35 36 36 37 37 38 38 39 40
0760 29 30 31 33 34 35 35 36 36 37 37 38 38 39
0770 28 29 30 32 33 34 35 35 36 36 37 37 38 38
0780 27 28 29 31 32 33 34 35 35 36 36 37 37 38
0790 26 27 28 30 31 32 33 34 35 35 36 36 37 37
0800 25 26 27 29 30 31 32 33 34 35 35 36 36 37
0810 24 25 26 28 29 30 31 32 33 34 35 35 36 36
0820 23 24 25 27 28 29 30 31 32 33 34 35 35 36
0830 22 23 24 26 27 28 29 30 31 32 33 34 35 35
0840 21 22 23 25 26 27 28 29 30 31 32 33 34 35
0850 20 21 22 24 25 26 27 28 29 30 31 32 33 34
0860 19 20 21 23 24 25 26 27 28 29 30 31 32 33
0870 18 19 20 22 23 24 25 26 27 28 29 30 31 32
0880 16 18 19 21 22 23 24 25 26 27 28 29 30 31
0890 14 16 18 20 21 22 23 24 25 26 27 28 29 30
0900 12 14 16 19 20 21 22 23 24 25 26 27 28 29
0910 10 12 14 18 19 20 21 22 23 24 25 26 27 28
0920 08 10 12 16 18 19 20 21 22 23 24 25 26 27
0930 06 08 10 14 16 18 19 20 21 22 23 24 25 26
0940 04 06 08 12 14 16 18 19 20 21 22 23 24 25
0950 02 04 06 10 12 14 16 18 19 20 21 22 23 24
0960 01 02 04 08 10 12 14 16 18 19 20 21 22 23
0970 00 01 02 06 08 10 12 14 16 18 19 20 21 22
0980 00 00 01 04 06 08 10 12 14 16 18 19 20 21
0990 00 00 00 02 04 06 08 10 12 14 16 18 19 20
1000 00 00 00 01 02 04 06 08 10 12 14 16 18 19
1010 00 00 00 00 01 02 04 06 08 10 12 14 16 18
1020 00 00 00 00 00 01 02 04 06 08 10 12 14 16
1030 00 00 00 00 00 00 01 02 04 06 08 10 12 14
1040 00 00 00 00 00 00 00 01 02 04 06 08 10 12
1050 00 00 00 00 00 00 00 00 01 02 04 06 08 10
1060 00 00 00 00 00 00 00 00 00 01 02 04 06 08
1070 00 00 00 00 00 00 00 00 00 00 01 02 04 06
1080 00 00 00 00 00 00 00 00 00 00 00 01 02 04
1090 00 00 00 00 00 00 00 00 00 00 00 00 01 02
1100 00 00 00 00 00 00 00 00 00 00 00 00 00 01