60 25 
59 24 25
58 24 24 25
57 24 24 24 25
56 24 24 24 24 25
55 23 24 24 24 24 25
54 23 23 24 24 24 24 25
53 23 23 23 24 24 24 24 25
52 23 23 23 23 24 24 24 24
51 22 23 23 23 23 24 24 24 25
50 22 22 23 23 23 23 24 24 24
49 22 22 22 23 23 23 23 24 24 25
48 22 22 22 22 23 23 23 23 24 24 25
47 21 22 22 22 22 23 23 23 24 24 24
46 21 21 22 22 22 22 23 23 23 24 24 25
45 21 21 21 22 22 22 22 23 23 24 24 24
44 21 21 21 21 22 22 22 22 23 23 24 24 25
43 20 21 21 21 21 22 22 22 23 23 23 24 24
42 20 20 21 21 21 21 22 22 22 23 23 24 24 25
41 20 20 20 21 21 21 21 22 22 23 23 23 24 24
40 20 20 20 20 21 21 21 21 22 22 23 23 24 24
39 19 20 20 20 20 21 21 21 22 22 22 23 23 24
38 19 19 20 20 20 20 21 21 21 22 22 23 23 23
37 18 19 19 20 20 20 20 21 21 22 22 22 23 23
36 18 18 19 19 20 20 20 20 21 21 22 22 22 23
35 17 18 18 19 19 20 20 20 21 21 21 22 22 22
34 16 17 18 18 19 19 20 20 20 21 21 21 22 22
33 15 16 17 18 18 19 19 20 20 20 21 21 21 22
32 14 15 16 17 18 18 19 19 20 20 20 21 21 21
31 14 14 15 16 17 18 18 19 19 20 20 20 21 21
30 13 14 14 15 16 17 18 18 19 19 20 20 20 21
29 13 13 14 14 15 16 17 18 18 19 19 20 20 20
28 12 13 13 14 14 15 16 17 18 18 19 19 20 20
27 11 12 13 13 14 14 15 16 17 18 18 19 19 20
26 10 11 12 13 13 14 14 15 16 17 18 18 19 19
25 09 10 11 12 13 13 14 14 15 16 17 18 18 19
24 08 09 10 11 12 13 13 14 14 15 16 17 18 18
23 07 08 09 10 11 12 13 13 14 14 15 16 17 18
22 07 07 08 09 10 11 12 13 13 14 14 15 16 17
21 06 07 07 08 09 10 11 12 13 13 14 14 15 16
20 06 06 07 07 08 09 10 11 12 13 13 14 14 15
19 05 06 06 07 07 08 09 10 11 12 13 13 14 14
18 04 05 06 06 07 07 08 09 10 11 12 13 13 14
17 03 04 05 06 06 07 07 08 09 10 11 12 13 13
16 02 03 04 05 06 06 07 07 08 09 10 11 12 13
15 01 02 03 04 05 06 06 07 07 08 09 10 11 12
14 00 01 02 03 04 05 06 06 07 07 08 09 10 11
13 00 00 01 02 03 04 05 06 06 07 07 08 09 10
12 00 00 00 01 02 03 04 05 06 06 07 07 08 09
11 00 00 00 00 01 02 03 04 05 06 06 07 07 08
10 00 00 00 00 00 01 02 03 04 05 06 06 07 07
09 00 00 00 00 00 00 01 02 03 04 05 06 06 07
08 00 00 00 00 00 00 00 01 02 03 04 05 06 06
07 00 00 00 00 00 00 00 00 01 02 03 04 05 06
06 00 00 00 00 00 00 00 00 00 01 02 03 04 05
05 00 00 00 00 00 00 00 00 00 00 01 02 03 04
04 00 00 00 00 00 00 00 00 00 00 00 01 02 03
03 00 00 00 00 00 00 00 00 00 00 00 00 01 02
02 00 00 00 00 00 00 00 00 00 00 00 00 00 01
01 00 00 00 00 00 00 00 00 00 00 00 00 00 00